#eta muw thetas a b c
0.000 1 0 20.0775 -864.287 15792.5
0.000 0.991568 10 19.9096 -862.583 15867
0.000 0.966878 20 19.4254 -845.883 15699.6
0.000 0.927777 30 18.6636 -810.68 15172
0.000 0.877437 40 17.2285 -727.478 13666
0.000 0.82048 50 15.7067 -630.068 11865.8
0.000 0.763094 60 14.4858 -550.317 10522.4
0.000 0.712903 70 13.7093 -495.978 9824.69
0.005 1 0 19.8667 -775.696 13321.4
0.005 0.991568 10 19.6962 -772.55 13342.6
0.005 0.966878 20 19.211 -755.972 13169.1
0.005 0.927777 30 18.471 -723.393 12700.9
0.005 0.877437 40 17.0982 -650.542 11490.9
0.005 0.82048 50 15.6379 -564.386 10023.4
0.005 0.763094 60 14.4634 -492.881 8917.76
0.005 0.712903 70 13.7358 -444.368 8361.77
0.015 1 0 20.3138 -762.852 13436.1
0.015 0.991568 10 20.3347 -789.566 14380.3
0.015 0.966878 20 20.1531 -819.305 15649.6
0.015 0.927777 30 19.8116 -849.374 17107.7
0.015 0.877437 40 18.8281 -836.695 17704.8
0.015 0.82048 50 17.4812 -769.165 16771.1
0.015 0.763094 60 16.2918 -697.406 15718.9
0.015 0.712903 70 15.4174 -631.303 14849
0.020 1 0 20.1648 -709.919 12041.9
0.020 0.991568 10 20.1511 -729.405 12726.8
0.020 0.966878 20 19.9917 -760.998 13958.8
0.020 0.927777 30 19.5819 -776.786 14887.3
0.020 0.877437 40 18.5993 -761.821 15314.4
0.020 0.82048 50 17.2963 -702.374 14605.6
0.020 0.763094 60 16.1386 -634.211 13630.1
0.020 0.712903 70 15.2956 -571.512 12820.9
0.025 1 0 20.0286 -665.209 10921.4
0.025 0.991568 10 20.0233 -684.992 11573.5
0.025 0.966878 20 19.8367 -710.119 12544.3
0.025 0.927777 30 19.3951 -719.644 13231.9
0.025 0.877437 40 18.3919 -699.641 13441.6
0.025 0.82048 50 17.1203 -644.793 12837.3
0.025 0.763094 60 15.9882 -580.038 11940.6
0.025 0.712903 70 15.1864 -521.635 11226.7
0.030 1 0 19.937 -631.907 10129.1
0.030 0.991568 10 19.9283 -649.904 10695.6
0.030 0.966878 20 19.6642 -662.268 11275.7
0.030 0.927777 30 19.2423 -673.994 11970.6
0.030 0.877437 40 18.2157 -649.562 12015.3
0.030 0.82048 50 16.958 -596.573 11436.6
0.030 0.763094 60 15.8472 -532.763 10538.6
0.030 0.712903 70 15.0721 -478.2 9923.98
0.035 1 0 19.8385 -600.538 9391
0.035 0.991568 10 19.7841 -611.302 9750.42
0.035 0.966878 20 19.5285 -624.473 10318.5
0.035 0.927777 30 19.0814 -631.294 10839.2
0.035 0.877437 40 18.0581 -607.893 10884.8
0.035 0.82048 50 16.8037 -553.24 10228.3
0.035 0.763094 60 15.7154 -492.747 9417.51
0.035 0.712903 70 14.9543 -439.816 8834.41
0.040 1 0 19.7199 -569.604 8683.17
0.040 0.991568 10 19.6664 -580.011 9017.11
0.040 0.966878 20 19.4221 -594.304 9582.48
0.040 0.927777 30 18.9184 -592.306 9849.35
0.040 0.877437 40 17.9013 -569.659 9885.64
0.040 0.82048 50 16.6531 -515.097 9215.53
0.040 0.763094 60 15.5818 -457.121 8467.04
0.040 0.712903 70 14.8456 -406.542 7930.28
0.045 1 0 18.8695 -423.346 4109.75
0.045 0.991568 10 18.9177 -448.523 4928.79
0.045 0.966878 20 18.8439 -485.957 6182.69
0.045 0.927777 30 18.669 -526.484 7457.91
0.045 0.877437 40 18.2382 -575.508 8872.24
0.045 0.82048 50 17.648 -605.436 9509.67
0.045 0.763094 60 17.704 -794.482 20404.5
0.045 0.712903 70 17.8214 -975.059 32668.9
0.050 1 0 18.7144 -391.499 3305.94
0.050 0.991568 10 18.7555 -413.822 3964.78
0.050 0.966878 20 18.6655 -445.256 4884.62
0.050 0.927777 30 18.4788 -480.945 5896.25
0.050 0.877437 40 18.0623 -528.921 7184.46
0.050 0.82048 50 17.5743 -583.017 9256.32
0.050 0.763094 60 17.6592 -771.519 19822.8
0.050 0.712903 70 17.7547 -936.74 30755.4
0.055 1 0 18.5625 -360.415 2469.02
0.055 0.991568 10 18.6104 -383.724 3169.63
0.055 0.966878 20 18.5124 -412.226 3919.27
0.055 0.927777 30 18.319 -444.199 4735.5
0.055 0.877437 40 17.9094 -489.785 5860.01
0.055 0.82048 50 17.5465 -572.53 9493.47
0.055 0.763094 60 17.6224 -751.835 19302.1
0.055 0.712903 70 17.6501 -890.106 28424.5
0.060 1 0 18.4355 -335.79 1888.4
0.060 0.991568 10 18.4689 -354.508 2361.73
0.060 0.966878 20 18.3715 -382.451 3085.41
0.060 0.927777 30 18.1855 -414.738 3887.94
0.060 0.877437 40 17.7692 -455.235 4724.13
0.060 0.82048 50 17.527 -564.029 9675.97
0.060 0.763094 60 17.6099 -738.511 18971.2
0.060 0.712903 70 17.5552 -850.006 26508.5
0.065 1 0 18.3161 -313.234 1363.8
0.065 0.991568 10 18.3539 -332.126 1828.03
0.065 0.966878 20 18.2445 -356.463 2385.88
0.065 0.927777 30 18.0522 -385.79 3034.73
0.065 0.877437 40 17.6462 -425.5 3801.3
0.065 0.82048 50 17.5304 -560.05 9929.99
0.065 0.763094 60 17.5972 -725.845 18605.7
0.065 0.712903 70 17.4696 -814.978 24855.3
0.070 1 0 18.2098 -293.383 915.005
0.070 0.991568 10 18.2456 -311.501 1341.82
0.070 0.966878 20 18.1282 -333.525 1798.4
0.070 0.927777 30 17.9336 -361.095 2353.88
0.070 0.877437 40 17.5311 -398.722 3003.39
0.070 0.82048 50 17.5186 -554.077 10099.6
0.070 0.763094 60 17.5526 -706.71 17939.6
0.070 0.712903 70 17.3744 -778.759 23191.8
0.075 1 0 18.119 -277.253 593.377
0.075 0.991568 10 18.151 -294.319 985.359
0.075 0.966878 20 18.0347 -315.662 1397.71
0.075 0.927777 30 17.8268 -339.303 1786.44
0.075 0.877437 40 17.5284 -399.772 3572.58
0.075 0.82048 50 17.512 -549.593 10276.3
0.075 0.763094 60 17.5111 -689.473 17338
0.075 0.712903 70 17.2765 -744.005 21628.9
0.080 1 0 18.0326 -261.99 287.419
0.080 0.991568 10 18.0594 -277.456 600.212
0.080 0.966878 20 17.9343 -296.738 935.808
0.080 0.927777 30 17.7278 -319.543 1274.59
0.080 0.877437 40 17.5348 -401.59 4067.24
0.080 0.82048 50 17.517 -547.553 10480.5
0.080 0.763094 60 17.4773 -674.481 16808.5
0.080 0.712903 70 17.1829 -712.973 20284
0.085 1 0 17.9117 -232.81 -1165.44
0.085 0.991568 10 17.9735 -257.563 -276.511
0.085 0.966878 20 17.8875 -288.26 783.799
0.085 0.927777 30 17.7347 -326.666 2141.3
0.085 0.877437 40 17.4184 -384.642 4207.37
0.085 0.82048 50 16.9945 -428.659 5521.82
0.085 0.763094 60 16.7498 -477.846 6627.74
0.085 0.712903 70 16.765 -541.239 7885.92
0.090 1 0 17.8452 -222.856 -1191.74
0.090 0.991568 10 17.9015 -244.967 -542.023
0.090 0.966878 20 17.8119 -274.681 507.366
0.090 0.927777 30 17.6543 -311.077 1750.87
0.090 0.877437 40 17.3358 -364.838 3460.19
0.090 0.82048 50 16.9123 -405.531 4499.48
0.090 0.763094 60 16.6853 -456.989 5774.69
0.090 0.712903 70 16.7072 -518.186 6824.08
0.100 1 0 17.7232 -203.466 -1483.21
0.100 0.991568 10 17.7816 -226.503 -669.844
0.100 0.966878 20 17.6829 -253.205 193.109
0.100 0.927777 30 17.5141 -284.637 1109.15
0.100 0.877437 40 17.1966 -334.168 2540.67
0.100 0.82048 50 16.7932 -375.89 3674.71
0.100 0.763094 60 16.5702 -420.898 4387.38
0.100 0.712903 70 16.6064 -479.272 5190.39
0.150 1 0 17.3486 -156.88 -1249.07
0.150 0.991568 10 17.3857 -170.774 -967.221
0.150 0.966878 20 17.2447 -183.925 -838.243
0.150 0.927777 30 17.0544 -205.936 -419.853
0.150 0.877437 40 16.7291 -240.163 103.652
0.150 0.82048 50 16.3584 -270.92 401.513
0.150 0.763094 60 16.1697 -304.099 314.841
0.150 0.712903 70 16.4098 -411.443 4750.62
0.200 1 0 17.1119 -125.034 -1597.74
0.200 0.991568 10 17.145 -136.638 -1429.04
0.200 0.966878 20 16.9939 -148.164 -1307.71
0.200 0.927777 30 16.7805 -162.583 -1233.77
0.200 0.877437 40 16.4518 -189.348 -1069.07
0.200 0.82048 50 16.0953 -214.003 -1089.77
0.200 0.763094 60 16.1521 -308.054 2383.07
0.200 0.712903 70 16.7139 -501.88 12198.5
